% Bus data format
% bus: 
% col1 number
% col2 voltage magnitude(pu)
% col3 voltage angle(degree)
% col4 p_gen(pu)
% col5 q_gen(pu),
% col6 p_load(pu)
% col7 q_load(pu)
% col8 G shunt(pu)
% col9 B shunt(pu)
% col10 bus_type
%       bus_type - 1, swing bus
%                - 2, generator bus (PV bus)
%                - 3, load bus (PQ bus)
% col11 q_gen_max(pu)
% col12 q_gen_min(pu)

bus = [ ...
1	1	0	6.000023945	-0.871960072	0	0	0	0	1
2	1	-9.814074074	6.576726772	-1.195682896	0	0	0	0	2
3	1	-8.22173106	5.399999848	-0.782792238	0	0	0	0	2
4	1	-12.2883728	5.99999912	-1.738383145	0	0	0	0	2
5	1	-18.37125205	7.979998869	-0.725773338	0	0	0	0	2
6	1	-21.79480085	3.899998145	-1.318592802	0	0	0	0	2
7	1	-11.57837625	2.399999648	-0.440229732	0	0	0	0	2
8	1	-27.7163444	2.99999918	-0.03222123	0	0	0	0	2
9	1	-27.3973743	1.19999985	-0.330838874	0	0	0	0	2
10	1	-26.64904923	5.399999325	-1.055692338	0	0	0	0	2
11	1	-31.0731453	2.699999284	-0.349728307	0	0	0	0	2
12	1	-26.4081258	0.599999902	-0.296160601	0	0	0	0	2
13	1	-36.65640905	0.899999943	0.425697002	0	0	0	0	2
14	1	-29.93293499	0.599999968	-0.043253152	0	0	0	0	2
15	1	-29.55367005	0.299999984	-0.015076139	0	0	0	0	2
16	1	-26.99878718	5.519999826	-0.396134425	0	0	0	0	2
17	1	-29.93989584	1.199999979	0.031985686	0	0	0	0	2
18	1	-29.43363172	1.139999991	0.014705879	0	0	0	0	2
19	1	-19.28015904	2.999999001	-0.615202266	0	0	0	0	2
20	1	-37.9254479	2.699999899	-0.322014296	0	0	0	0	2
21	1	-34.48454865	0.899999897	-0.03692988	0	0	0	0	2
22	1	-36.36524134	0.599999995	0.023252436	0	0	0	0	2
23	1	-36.94595802	1.439999737	-0.296705697	0	0	0	0	2
24	1	-35.75372191	1.019999899	-0.071119111	0	0	0	0	2
25	1	-35.19412149	3.599999926	0.212481425	0	0	0	0	2
26	1	-3.889929913	1.079999989	-0.180904174	0	0	0	0	2
27	1	-14.20248055	0.839999903	-0.335829138	0	0	0	0	2
28	1	-12.56889261	1.799999813	-0.597740253	0	0	0	0	2
29	1	-6.778047732	0.185999999	-0.125288252	0	0	0	0	2
30	1	-21.96971694	0.545999959	-0.004083767	0	0	0	0	2
31	1	-22.41272895	1.739999769	-0.258939245	0	0	0	0	2
32	1	-29.32419902	1.799999948	0.536279244	0	0	0	0	2
33	1	-5.827126407	1.35	0.461919897	0	0	0	0	2
34	1	-5.827126407	1.35	0.461919897	0	0	0	0	2
35	1	-9.856717505	1.679999128	-1.519088772	0	0	0	0	2
36	1	-26.63813532	5.399999699	-0.986705156	0	0	0	0	2
37	1	-26.06310586	4.199999767	-0.614737323	0	0	0	0	2
38	1	1.758157733	3.479999827	-0.339392006	0	0	0	0	2
39	1	0.146627055	3.479999682	-0.441674794	0	0	0	0	2
40	1	-3.57194918	1.739999981	0.111295329	0	0	0	0	2
41	1	-4.798578899	0.359999996	-0.021183722	0	0	0	0	2
42	1	-3.554188874	0.179999991	0.030346152	0	0	0	0	2
43	1	-23.10339887	0.659999824	-0.242936688	0	0	0	0	2
44	1	-21.94712925	1.199999645	-0.140186842	0	0	0	0	2
45	1	-25.3354446	2.999999939	-0.126371655	0	0	0	0	2
46	1	-26.44597748	1.379998302	-0.253439899	0	0	0	0	2
47	1.043808599	-23.72823131	0	0	0	0	0	0	3
48	1.004933405	-9.976911944	0	0	0.798002074	0.258000088	0	0	3
49	1.008678211	-12.24305019	0	0	0.76805079	0.252015864	0	-1.75	3
50	1.007616378	-13.72146184	0	0	2.286058242	0.750023685	0	0	3
51	1.018509939	-18.36373003	0	0	3.743994245	1.230100981	0	-0.41	3
52	1.02183523	-20.24721868	0	0	8.49E-05	2.56E-05	0	0	3
53	1.043808599	-23.72823131	0	0	-0.000221904	4.60E-05	0	0	3
54	1.056848935	-26.00643639	0	0	-2.92E-05	2.49E-05	0	0	3
55	1.047468802	-28.02993387	0	0	0.000135677	3.18E-05	0	0	3
56	1.055022327	-21.4300524	0	0	0.000158845	4.92E-05	0	0	3
57	1.04304427	-19.45874105	0	0	-1.62E-05	1.83E-05	0	0	3
58	1.039469277	-23.84802614	0	0	1.589938578	0.522010219	0	0	3
59	0.996282884	-32.03036506	0	0	-1.33E-05	9.18E-06	0	-0.82	3
60	1.014202605	-33.61406968	0	0	-1.10E-06	2.29E-06	0	0	3
61	1.008943811	-34.12112859	0	0	0.509998353	0.168000139	0	0	3
62	1.01121722	-33.91785664	0	0	0.629997937	0.20600014	0	0	3
63	1.007384645	-34.23316729	0	0	1.013997375	0.336000166	0	0	3
64	1.036251843	-28.36292973	0	0	4.83E-05	-9.90E-06	0	-0.672	3
65	1.021829333	-30.24074234	0	0	0.533990878	0.17399999	0	0	3
66	1.054934138	-30.43760637	0	0	2.399953803	0.786016011	0	0	3
67	0.964527065	-34.94485127	0	0	1.589998306	0.521999962	0	0	3
68	1.021118498	-30.7650806	0	0	0.59999627	0.198000876	0	0	3
69	1.009172467	-32.5501098	0	0	-1.15E-05	2.83E-05	0	0	3
70	0.991273932	-32.98979098	0	0	1.403991024	0.462002159	0	0	3
71	1.024811246	-28.99584223	0	0	0.972036771	0.329980279	0	-0.672	3
72	1.027078091	-30.62113899	0	0	0.947987079	0.312003995	0	0	3
73	0.996425514	-33.83975473	0	0	-8.74E-06	1.56E-05	0	0	3
74	1.030631258	-27.05050028	0	0	-1.85E-05	3.53E-06	0	0	3
75	1.021337669	-24.65784988	0	0	-3.78E-06	1.04E-05	0	-1.2	3
76	1.020801502	-25.66945564	0	0	-5.57E-07	-3.15E-07	0	0	3
77	1.008077363	-22.09303386	0	0	0.48000881	0.162000824	0	-1.5	3
78	1.010872397	-30.17721213	0	0	-1.22E-05	8.41E-06	0	0	3
79	1.006450097	-31.74718959	0	0	0.485999793	0.162000062	0	0	3
80	1.018764654	-25.79920995	0	0	1.079999095	0.354001292	0	0	3
81	1.01500889	-27.17020473	0	0	0.852000458	0.281999865	0	0	3
82	1.021067215	-27.53248191	0	0	1.37E-07	-7.37E-08	0	0	3
83	1.01371582	-30.05187737	0	0	3.023978073	0.99601117	0	0	3
84	1.023002361	-25.29183647	0	0	0.360011044	0.120002486	0	0	3
85	1.048334856	-27.35513907	0	0	3.12E-06	3.86E-06	0	0	3
86	1.011286837	-22.06874931	0	0	1.139997919	0.372009522	0	-1.888	3
87	1.022807938	-24.27855927	0	0	2.729995733	0.894001244	0	0	3
88	1.015292669	-32.22347993	0	0	-2.57E-06	9.91E-07	0	0	3
89	1.001737378	-30.5315395	0	0	0.180002981	0.059998912	0	-0.75	3
90	1.01173076	-29.64735343	0	0	4.70E-06	7.52E-07	0	0	3
91	1.005191331	-31.07771427	0	0	1.211999453	0.402000165	0	0	3
92	0.999459941	-31.57041316	0	0	-6.30E-07	8.82E-07	0	0	3
93	1.011407889	-33.80720699	0	0	3.371988351	1.110003094	0	0	3
94	1.006498929	-33.98845975	0	0	1.001998062	0.330000103	0	0	3
95	1.011347973	-33.99094917	0	0	0.425998584	0.138000139	0	0	3
96	1.005203913	-33.08962133	0	0	4.445998282	1.619999702	0	0	3
97	1.01540829	-28.11809764	0	0	3.62E-07	-4.57E-07	0	0	3
98	0.996101756	-32.41604585	0	0	1.55E-06	1.27E-07	0	0	3
99	1.001954431	-31.26773061	0	0	6.03E-07	4.16E-08	0	0	3
100	1.006248204	-33.49314145	0	0	2.351997311	0.77400065	0	0	3
101	1.005380715	-33.89829828	0	0	0.47999925	0.156000049	0	0	3
102	0.995523241	-32.97679253	0	0	9.60E-07	-6.13E-07	0	0	3
103	0.992123385	-33.14074069	0	0	3.719989957	1.224000554	0	0	3
104	1.001892989	-34.63544077	0	0	-8.86E-07	3.38E-07	0	0	3
105	0.982613575	-38.89256564	0	0	1.739999259	0.570000007	0	0	3
106	1.007966069	-33.56349168	0	0	1.301997285	0.432001371	0	0	3
107	1.001629626	-29.75389658	0	0	3.10E-06	4.33E-07	0	0	3
108	1.001378655	-26.77746261	0	0	0.228000958	0.078000035	0	0	3
109	1.006831647	-33.95016508	0	0	3.50399426	1.152001966	0	0	3
110	1.006191266	-30.45848195	0	0	2.20E-06	2.92E-07	0	-1.85	3
111	0.999722959	-32.1825004	0	0	3.335999768	0.444000017	0	0	3
112	0.999939326	-30.55722754	0	0	1.241999983	0.359999997	0	0	3
113	1.011907005	-33.07902797	0	0	1.607999338	0.528001308	0	0	3
114	1.017084443	-38.09243428	0	0	2.38E-06	2.48E-06	0	-1.522	3
115	1.023301328	-35.51621163	0	0	1.91E-06	2.19E-06	0	0	3
116	1.013521296	-39.65724474	0	0	1.775997394	0.516000357	0	0	3
117	1.011420458	-39.75323673	0	0	1.775999735	0.516000044	0	0	3
118	1.0194181	-38.38738122	0	0	2.19E-06	3.16E-06	0	-0.772	3
119	1.01312401	-39.65802973	0	0	1.775997482	0.516000232	0	0	3
120	1.012337697	-29.94072965	0	0	1.782005154	0.52200311	0	0	3
121	0.999243878	-37.86263049	0	0	-5.61E-07	3.31E-07	0	-0.7	3
122	1.006398286	-39.3564442	0	0	2.525999117	0.738000179	0	0	3
123	0.994005221	-41.37340437	0	0	1.181999827	0.34200004	0	0	3
124	1.022683041	-41.2629093	0	0	-4.19E-07	1.36E-06	0	0	3
125	1.011323612	-42.47325712	0	0	2.879997345	0.840000373	0	0	3
126	0.997357127	-42.49970594	0	0	1.709999677	0.498000145	0	0	3
127	0.994422281	-38.41081901	0	0	-4.85E-07	-7.09E-08	0	-1.2	3
128	1.003622897	-39.48245519	0	0	1.002000159	0.294000113	0	0	3
129	0.998262713	-38.56403149	0	0	2.790000383	0.93000006	0	0	3
